260.2558061	103.6940732	265.5380473
-281.4787258	-20.36472752	-263.3457895
-16.09508633	-383.3169079	-42.48642538
357.6686027	-114.4907439	-89.2246614
-34.99950728	-383.8891447	20.00397716
320.7960759	213.3536766	-23.79256996
107.8630478	43.47502922	368.0645117
67.54120944	-141.8865758	352.5654331
-352.9136743	149.5035602	45.78890659
365.2465743	62.51440114	108.0874166
-105.3971037	202.1284898	-311.4988349
152.4384332	200.6471104	-292.402567
-270.6397568	-184.6241867	-204.1176908
338.0157815	78.30682984	169.1430514
-380.3720493	40.89661192	51.38648903
-283.5189171	252.0466124	71.31289389
205.2558213	216.77001	244.6973858
-17.71525909	-56.36544477	-381.4513157
-378.0607576	-67.88659159	38.17688152
-86.48360647	-325.2694759	-188.9877083
-385.7323909	-6.554995345	12.78884918
67.4663825	278.3638751	-258.7621307
-105.5502261	-346.5013821	-133.3864386
316.9385441	-213.4890826	-54.48275716
12.0972651	-257.3466555	-287.4410463
243.9615631	78.66329232	-288.6015284
-370.0595025	-0.4853999804	-109.780367
161.2976634	346.9448669	51.07174509
170.4201957	-224.6091598	-263.6355102
-305.506185	-184.4125692	147.1528975
210.2707068	-27.85943314	-322.4997393
-259.4894692	184.4247039	218.2859225
-370.599244	-57.55155976	-91.32370074
207.5682964	-274.9740337	-174.0709141
2.778719539	-161.1701531	350.7313223
-172.8357522	324.2895902	-118.1527167
-125.1393048	-86.7440055	-354.6993543
291.3062278	252.0783794	24.35512866
142.6443791	151.2488606	325.2266337
-267.0023318	-85.96904243	-265.1699051
245.4816217	-60.95329925	291.5809814
88.80225412	-375.1874526	18.561656
368.940851	-62.05324956	95.0160127
218.3831543	278.7265838	-153.6759234
88.04002241	-7.725746535	-375.7462805
-157.0930236	216.959266	-277.9324718
-106.4497824	143.6818839	-342.0818032
-12.00706094	-211.0581373	-322.9648482
-257.7450247	-259.265634	-123.8742639
-40.67309959	-356.2913711	-142.8221195
-349.6978341	-105.8605334	-124.5029008
64.4777251	328.5024247	192.1582158
-45.32898457	-123.4293783	362.9138627
7.970759674	346.2263506	170.4692967
93.6116673	335.8516338	-165.6397773
262.5005866	-181.691154	-216.974115
166.1123032	-170.78148	303.7044432
220.0568287	254.2183315	189.5891138
-202.7635875	129.6524807	301.7833028
-351.4102729	31.08683211	-156.6538508
71.10906337	-118.4654832	-360.4239592
250.1477216	277.7830028	-96.22224648
-153.227564	44.2504326	-351.5099043
160.1359262	-172.5286276	-305.9188745
-155.8830735	178.4826571	304.6972407
8.74854329	-367.0599821	119.1068116
200.5204552	15.24105418	329.4772485
-241.2505168	-239.8625719	-182.3736131
215.5813762	-179.9518915	-264.8357736
-305.6090296	-219.275397	-86.70306374
-280.5691459	78.91256655	253.0805429
58.47504495	90.02900808	370.7714213
-193.6854592	-53.11556463	329.637194
-216.5793445	319.5142359	-0.2015144739
-381.0194059	57.70495955	-22.14384708
120.257465	-234.7120614	281.8588128
50.17270679	-197.5980361	327.7708279
11.5544036	369.2634284	111.834772
222.0817457	-303.6009916	86.61487228
51.25756158	-321.4313028	207.4863368
137.962647	-273.7216435	234.6034311
328.4218485	91.5562685	-180.9766259
312.2360925	-21.95633551	-225.8816988
382.6213417	50.36734916	-7.748482667
-328.9068341	153.0846394	-131.8384909
-330.6808178	-27.54493999	197.1990695
-289.6543398	-208.7799517	-146.6536573
128.5720669	-357.3339429	69.12074112
221.8470744	288.2815444	129.1263984
357.0022176	-144.4626785	25.99906113
1.994676198	-304.2237421	237.5709073
383.3382383	4.997282907	-44.97579577
-47.4562316	352.9522459	-148.8912966
-119.7841409	-199.192941	308.1719193
165.7165429	261.852852	230.1458479
122.0001051	330.0347692	158.7105083
-314.0696319	-223.1200655	-23.95209161
-277.9702618	-267.8208055	0.7414479241
-342.709422	-172.0144059	-44.24134086
166.4093948	342.806753	-61.54220857
-62.10651758	-102.1901409	-367.0094761
-382.9343596	-0.3227155043	-48.55071643
78.01149954	146.4697496	348.5065543
347.4510868	-7.643108475	-167.97418
255.6503893	-131.2705586	-257.6953994
-82.57624057	-41.09923516	-374.817312
-104.2942002	-331.934445	167.1473721
-364.5482936	-75.84462427	101.7257816
-164.4360973	271.5476666	219.5874192
131.7799515	343.7618949	-116.0077755
324.4136693	-156.487883	138.7923399
22.55002796	109.9336664	-369.3265293
-162.5913191	162.8842262	-309.8851268
194.3089313	333.5260905	-0.621459917
-310.7032864	-134.9421935	185.0677504
237.3768027	-79.66850446	-293.7706298
117.0859269	-342.5972816	133.8431483
187.2107599	42.67164555	-334.8540907
247.3511247	184.3875671	-231.9798401
-273.2680035	-264.3398815	66.6710227
176.3840365	-79.26021638	-334.0695882
-380.1935825	-61.07977431	-26.79740684
-271.0334147	-189.4619171	199.1006531
30.68175788	-384.7697581	2.61972574
-67.90699198	369.1543898	-90.05374479
-137.6855064	-191.1705816	-305.7654494
370.1536603	1.011776063	-109.4588693
-362.6575109	-116.0128781	-63.37619382
100.5226483	367.0350105	-64.62583275
113.49203	-261.3689698	-260.3878275
-343.4268757	-175.1220776	19.6529642
-102.3881648	87.31827454	-361.7847186
-246.4240898	-150.6289371	-256.0900062
-294.5218935	132.880177	211.1769703
-250.3894601	-239.3187416	170.3750517
291.2479124	85.38595545	-238.4950569
-38.425744	-159.0659854	-349.5961592
350.7167542	20.97039771	159.8561878
-153.4665476	-300.4630087	187.5259959
350.2979204	117.7441577	111.4615643
288.5937699	-79.2359684	-243.7853509
-85.23080089	366.0806953	87.84438005
-340.3272932	-132.522141	124.9448505
-130.1514949	-282.4701799	-228.6201782
31.0721736	-39.0901033	382.7564289
-372.0345299	56.39200022	-86.05957736
322.2307394	-53.0360329	205.7924436
-53.99773265	242.1684225	-295.6935914
249.2702496	0.1596268339	294.7207444
135.7804966	-344.3927367	-109.3311469
-222.0727386	289.5039079	-125.9650191
-96.52221916	156.4966425	339.393963
115.2895478	298.4126492	-215.9958587
-232.756033	76.05150679	298.3903441
60.13713938	-350.3497228	150.4479851
191.1473926	-312.6149605	-121.3695216
-133.2157604	-40.10418525	360.0572392
-181.996417	248.1893428	-232.9707155
-187.6468825	-264.4842073	-209.3627273
-232.8238289	-306.5811054	-28.23279114
216.5681161	-282.5657133	149.1672509
298.9207706	-236.7741851	59.83609402
45.73939873	26.85572083	382.3384334
-259.6036698	-94.29996805	269.6469
-31.3157418	-59.66675507	380.0726281
301.3241236	-177.6095778	-163.2623975
-271.6835919	-266.9267087	-62.72286738
164.0819919	-300.9900102	177.4207251
-325.5032502	0.6002438209	-207.4687298
-284.4172315	186.2163399	-182.8286443
259.760937	274.8682783	77.25079389
324.2334783	177.5087044	111.1724401
-261.7060136	282.9498808	21.10278232
-256.6912845	240.4488125	-159.0281517
26.87737167	-352.8788299	-154.1107989
354.4247574	113.5729053	-102.3732706
-37.07947276	128.219472	-362.189011
-334.8744897	157.3900106	109.9247958
-236.2403094	-302.8676386	38.17996436
-46.54771691	358.7547708	134.6266113
-197.0222997	309.7816991	119.2204358
292.3876494	192.8961298	162.1620966
-147.914154	-310.7357018	-174.8162655
-205.5541627	-280.9111	166.8305731
383.2080851	-44.89184398	-11.50156049
-210.9210993	184.1590067	265.694844
171.5444245	-325.128739	117.7277091
195.4628442	104.4582366	-316.0360001
-22.6523081	-332.0311155	-195.5459314
250.3098063	131.7207368	-262.6607095
149.3101341	-1.407204264	355.9501421
-221.4944573	16.26619902	315.7081186
262.9037528	243.4375265	143.5819887
-1.587338893	73.63778861	378.907583
267.1995084	-28.93372212	-277.0618387
-214.987785	231.2045346	222.0826772
197.6008255	218.9153072	-249.0501998
163.5132332	-272.229345	-219.4324641
187.4452426	172.0319648	290.2848327
233.6402663	-119.2411337	283.1779971
59.47357585	-244.9353056	292.3449843
-194.8022323	-173.0376991	-284.7912305
-268.8003766	20.71753909	276.2483323
-106.7014576	91.01354588	359.621097
32.88816244	380.1445996	-58.34768325
45.77277544	378.2190989	62.05776576
146.7805764	148.0914593	-324.8390094
-221.2830683	-210.1133761	-236.394105
-156.6811995	352.693292	-7.378583351
135.2097284	-124.0814637	-339.5852172
320.0692992	136.4908511	167.0984479
-46.28191189	-374.2264334	82.51400577
-1.332038247	-341.8179888	179.3172836
-236.10812	217.4530012	-214.3901769
-221.2667194	-302.6469111	-91.87973723
-340.6469756	-80.02353747	162.94745
-332.2195088	-165.4349379	-106.1012692
-345.1231676	34.15112942	169.4688749
-252.0378327	84.19764459	-279.9708691
254.1060279	202.8173071	208.0655342
348.3845001	-161.3474676	-39.89028385
-274.7687025	268.839302	-34.97984871
-142.4629757	-22.0098184	-358.0724347
-367.0208211	-119.5452823	-0.8014890747
-258.851431	158.3872232	-238.5485783
298.9388365	231.276863	-78.37464288
147.4091471	-356.7304398	3.152253336
10.287197	137.6461673	360.4770536
-9.522068593	-218.0134991	318.3951074
4.945695419	-114.8679227	-368.4791723
-87.61353064	320.6868497	-196.1627225
-373.1870848	94.59372509	27.91821779
74.92679965	-363.29281	-106.772229
54.29164133	-378.7219994	-51.16702862
-150.4750747	122.7258355	333.6039886
-7.486171929	208.8516128	-324.5319107
237.8413135	159.3748567	258.8960498
35.79454148	188.7639091	334.7878991
72.13545321	-369.2271199	86.39334652
-329.574816	-91.69858901	-178.7954401
-111.7177127	261.4583646	261.0645059
173.0343487	-340.331339	-56.83039553
263.5529352	-260.9865489	106.8731568
-167.358738	-230.5228179	-260.473191
-108.4626791	-143.352306	341.5874172
-125.6168479	-249.2846759	266.5962451
-36.73513246	5.353847827	-384.2107057
-24.36545509	329.1102259	-200.2218364
-165.9507913	-328.761522	-115.638214
156.4117416	311.1526568	-166.4794019
293.1996405	-221.9194663	-117.3955761
28.52075923	165.5296941	-347.5377485
-205.8828942	66.80554543	-319.6017099
202.3347772	161.9492603	-286.0578176
-76.57852646	-203.723337	-318.7923011
-69.74010217	-294.1054656	-240.0714336
236.99952	-208.687735	221.9834606
276.3521108	-260.4730646	-69.13243442
-239.4665075	-279.1916287	117.0633428
91.65901547	-20.50538215	374.3983897
-62.01802304	-370.9305125	-86.95009878
75.0430851	61.59564259	-373.5913706
296.9465791	228.7461794	92.16243594
-152.7166403	-348.7757296	63.47533542
7.09034194	-373.042857	-98.91791501
-61.247132	380.6881909	17.92456808
-361.410631	100.0377788	91.49206847
252.447666	-291.4020609	-18.73538951
183.2967963	269.9969831	-206.1550717
-153.6626215	308.5565028	-173.7143729
284.2297676	145.3875989	216.9605616
379.7772783	44.5452562	52.73460915
-366.2172804	43.10981908	114.1159368
297.6982876	-211.829989	124.4981338
197.3145635	-47.93963436	328.2754248
141.7038727	-65.66979807	352.9921955
-224.0214811	-216.7358136	227.6751263
56.67686556	-223.9789447	-309.2202536
-347.0930687	91.43074058	-141.9958498
-138.23403	-360.3396853	-6.53178162
-181.0006398	-336.9033723	-52.25788103
150.6568043	-312.8700622	-168.5551883
99.66845132	199.3971663	315.1237374
-339.4397881	106.3202991	149.9087197
-340.1302938	182.3881974	-6.475237963
-205.2750081	-288.8549748	-153.0391277
174.7119503	296.4945635	174.8219329
-246.5331904	21.31375935	-296.2483918
7.181255957	385.8310025	8.880711727
-311.4483334	-224.1063627	42.0983829
331.0632768	-183.3318026	76.04312521
-162.2125643	227.0812074	266.6781004
355.4845965	56.0632679	-139.5837085
201.961888	-128.5157234	-302.8053907
-108.0250021	254.7808474	-269.0972291
-309.9118769	-56.83976444	-222.9795276
-120.9132336	31.50058358	365.2173369
-310.9600085	23.42528092	227.4887455
-297.5193742	213.8416201	121.44951
-377.5218776	-16.13389438	78.82213747
134.9468493	361.475839	-10.98024045
-59.80533789	50.89513223	377.927251
43.14511349	-322.8469026	-207.1337169
258.9391556	-228.9288811	-171.8664631
-171.7018076	5.305332954	345.667966
-54.24590996	178.5375107	-337.9019658
236.8742535	233.9407631	-195.3415148
-7.075749954	-299.0011016	-244.0169564
286.7372361	-181.5401786	183.9046519
-49.41053191	-254.8091198	-285.7042384
-98.10893698	372.2143376	-28.75975276
57.82833377	-281.9687018	-257.1877427
117.6167512	298.8965047	214.0634936
256.2467105	-285.7018698	41.3287418
63.66781199	362.778137	-115.4748155
305.7608206	84.31142838	219.9952355
-80.0680925	-376.7796148	-24.94438638
-286.0514419	105.7686328	-236.6084717
325.1858948	36.26976938	-204.7794855
245.7721346	297.3491272	13.24969485
374.7878154	-84.02501531	38.33914791
193.2510613	315.1363875	-111.0814322
176.5500166	-223.8088823	260.2607843
-131.2831833	285.3487903	-224.3586274
224.1409705	310.1393667	-50.69909843
110.007301	-186.8813462	319.3270364
-231.2794025	300.9781983	70.12818338
275.3430168	268.2157384	-35.24969216
231.7345259	63.35331775	302.1282288
214.9688854	-174.820561	268.7417901
-101.7129897	209.8534063	307.5906624
-76.75555231	-14.8024618	378.0019475
92.27765866	-170.8448096	-333.6058824
295.2804767	-248.5862807	-3.209542262
-292.1499247	39.70814328	-249.1338693
330.3433976	-199.3202847	11.86017541
213.3482529	314.8602878	65.89022809
328.5596142	-70.86981885	-189.7947541
55.581186	241.512502	295.9365526
138.4396706	92.33414892	-348.2884761
-203.9328816	272.3230874	-182.3390136
-221.6074407	-164.803518	269.677479
-59.91603361	-182.17565	334.9897035
-106.5370777	-355.5696187	105.9060779
185.861484	-109.8911107	319.9616423
-359.2545279	113.7580682	-83.61391108
92.46433903	180.3479155	-328.5132804
-210.9377184	-110.0819659	303.9461132
101.4265177	370.0328022	42.24200262
-54.66629366	-321.4383438	206.6034547
2.325134124	272.9350314	272.9415
-338.6953415	171.1383276	-70.66214312
198.3158399	-256.7970333	209.0983294
343.1364277	-97.30829746	147.5956884
236.7947654	22.06489336	-304.0351617
-364.4476289	124.792413	-24.51080342
-104.8649994	339.2267494	151.4085348
-39.59837304	180.6077116	338.8345074
116.3416592	354.6177188	98.5235597
48.65652936	-63.89937699	-377.5518663
-197.0105082	0.1799876568	-331.9379871
-270.8552691	256.6967281	-98.69251755
148.9884685	217.8314475	281.6875871
-14.96799088	5.953642269	385.663731
300.0790347	-129.0161199	-205.6779369
104.7460076	-304.1311025	-213.3741934
113.7659096	-66.54371042	-362.8019465
-109.4995865	-245.3624436	-277.1337436
-310.6555348	222.1293972	-56.10409609
267.0796202	-149.8652413	234.9572002
53.02904769	319.7228522	-209.669306
-109.4202623	-292.1619077	227.2985392
-96.52935171	-371.4413892	41.34463228
-109.8148924	342.9196746	-139.0783454
283.7384742	-88.45004464	246.3027971
374.8155276	-54.74602797	-74.2441427
-129.345541	355.0102097	-78.95240341
354.2225904	-125.1781673	88.61592901
-177.0895527	67.86055505	336.1996957
-25.52912037	379.5345915	65.55728703
372.4247159	-1.394888302	101.4587862
-161.4481016	106.7973762	-333.9533364
5.00306898	300.1266781	-242.6828103
334.2869478	-122.3722471	-149.2423187
-175.7092898	-210.3625566	271.7900665
217.5622588	-230.0718756	-220.74781
23.00001073	349.4340406	-162.3664089
316.3748653	188.4203821	-115.7614108
-243.6826641	-41.07703192	296.5256088
-305.7108543	168.336638	164.9231635
58.37254937	291.5627205	246.1296924
-302.0715842	207.0329228	-122.0087165
356.7688482	-61.91923332	-133.7086292
-67.75184086	-235.9647824	297.8696184
-91.36869731	-83.35611791	365.6494479
122.2790866	101.2227782	351.8490786
-3.686345152	370.959365	-106.6375187
310.5004119	-119.110313	195.9546569
-153.5240719	-100.6562427	339.5507033
-184.6438827	334.127644	-57.10826653
91.64251256	-338.5468309	-161.1945818
18.01795401	-101.5098357	371.9772931
-304.8683155	-85.64498974	220.7175705
-161.4152497	-325.6143165	130.0631926
2.464186903	-264.286655	281.3227538
-58.82144537	290.1758905	-247.657001
143.4434498	256.2309057	-250.5308358
-102.8873775	-147.5477315	-341.5257743
-311.2582149	131.3324825	-186.7246709
370.5536314	-104.9445781	-25.93533837
2.797162637	314.4367884	223.869788
-168.0194334	-157.5139391	309.7657647
368.7627391	108.4740009	-35.2623512
-181.8862363	336.4542519	52.07622713
172.1082138	325.7926669	115.0386931
-48.87337186	118.3026435	364.1591384
128.5976287	-127.330741	340.9479906
351.6706779	159.1021739	-3.198840061
270.9982917	237.5450661	-138.30498
-217.7346916	-110.2035104	-299.0698754
326.8894946	140.9181533	-149.2693283
383.7988409	-14.48417159	38.53126633
-323.3743562	201.2945213	62.4943313
-359.5329763	-20.77100846	138.9266143
-210.1110893	187.3160088	-264.1250519
-182.5497014	-66.95757352	-333.4490814
-268.5811541	-143.6005598	237.1477237
-124.0226515	-358.3438063	-72.13943723
-328.4574965	-183.6542198	85.92322478
-250.8027894	266.296378	123.2079539
-287.0874253	-230.6989815	115.5629274
-144.711191	342.8369795	102.5547497
81.58486487	-82.65690612	368.1137673
325.496919	203.4324002	40.78007226
49.5827459	223.6773252	-310.6541574
-232.9552737	301.0640883	-63.93946495
74.73313223	-284.1551241	250.3334264
-358.6230688	-128.190955	62.86949662
108.722065	-315.6525986	193.7497086
-30.39743588	382.5043913	-41.98078728
-55.40588227	292.0901841	246.1899929
-57.65245183	245.7872016	291.9945998
350.4483887	150.2320472	60.10207028
-216.2159522	131.1155616	-291.6425406
18.0800685	-380.8745009	60.03103908
282.4737283	41.82766319	259.72108
29.57726413	-170.2889335	-345.1418035
342.7170377	165.0564408	-65.5545838
284.9243001	28.69344067	-258.8258675
5.369128704	260.7344571	-284.5781358
107.7521868	258.6258932	265.5148087
285.8038981	190.8708174	-175.7283782
290.9083062	-24.32173048	252.5407112
130.2022273	34.64660269	-361.7222594
370.924023	101.4484704	33.46008088
-202.179603	-316.9409629	87.56617022
-158.0531821	309.9491444	167.1727237
-350.1036362	-37.86114067	-158.0821874
155.8719917	-19.5609625	-352.5865723
-6.693381771	224.6251169	313.8387412
66.70770103	356.5409379	132.0024327
184.1915732	-335.1659817	52.28029374
-45.03378149	69.53918737	-377.0043235
-51.72009531	-354.6831331	143.2512017
-313.7665167	-152.8773498	-164.8486849
-56.71177507	-280.6619191	258.8603132
-234.6210676	-44.57996274	-303.2516802
-162.8224981	-131.3839929	-324.381073
-307.1782535	233.5146654	10.4125691
-319.9416686	80.30168345	200.4618875
-53.45272233	330.1664389	192.6886844
-290.3832658	-34.71353118	251.9296126
83.97712582	124.0954265	-355.7304702
170.0963294	68.25700792	339.7119656
-261.9619522	225.1196769	172.3167626
-96.78798973	23.61929914	-372.9211897
373.5444521	59.61835195	-76.85176896
245.4184455	-270.8932985	-124.0266401
330.4037731	-170.6265713	-103.5177273
101.9970482	236.0323849	-287.8911521
254.1854024	-236.4413029	168.7640113
-121.2616623	364.2726173	39.96335283
-109.4076678	304.481899	210.5154042
67.92662831	379.8808355	-8.516099425
113.69145	-365.670814	-48.52947572
27.60903228	-6.028604589	-384.9641506
292.5668335	140.1177591	-209.2072216
351.2864731	-37.96501791	155.4106535
-291.7672157	-124.0523143	-220.1792795
-190.3411333	-335.4845977	14.70842106
-251.2602271	133.6879274	260.7524426
-323.3529724	67.63790254	-199.6596338
199.9556579	115.4372653	309.3347259
115.6480305	-215.7355245	-298.462253
14.60215425	51.62360446	-382.2535553
321.4514867	16.4936972	213.0560951
206.9645113	-325.8197407	-1.78539172
224.0423196	-306.1765226	-71.11241828
-212.3357399	271.9880453	173.0087766
-179.3961705	-257.6921056	224.5167983
