346.49	-331.295	-120.813
227.13	-290.407	-193.985
-156.441	-297.855	-199.323
-226.761	-46.0496	179.299
-147.386	-11.6058	101.793
-272.158	24.4417	-194.46
139	276.706	199.732
-163.857	177.101	183.855
-223.143	-273.529	197.258
-95.6091	500.858	-62.7468
389.492	23.6939	187.271
174.024	303.193	197.8
186.232	-388.152	166.692
259.967	-450.299	4.28976
317.46	163.82	-196.503
-249.285	427.375	97.2484
110.321	-52.3494	28.9834
326.951	403.899	-11.9017
-266.801	-122.432	198.243
185.896	67.0734	158.192
323.557	-403.301	34.2243
-6.57628	471.426	-130.6
51.4207	112.871	39.9565
86.4954	-85.0368	22.7314
-360.969	-373.203	17.765
87.5758	-233.484	-187.112
204.868	-263.443	199.528
-369.234	277.328	-141.058
-394.678	-44.1357	184.526
176.128	-195.657	191.781
-23.9042	-210.395	-168.171
-85.3073	260.286	194.617
514.832	-14.3145	44.3038
279.291	-424.215	-68.5109
-439.582	-257.592	-63.9641
-214.433	-245.279	-199.916
-237.949	376.328	155.929
60.5732	490.46	-98.2801
310.273	-342.957	-140.354
-93.4053	397.041	-179.658
496.505	-151.685	-18.3316
-425.77	-215.744	-123.505
231.669	-37.0694	-180.858
84.8494	104.297	-74.6441
384.073	131.433	-180.595
-407.448	230.81	134.211
177.09	3.64361	-139.955
-274.832	139.71	-199.658
-119.459	-106.178	-119.768
41.6652	-330.869	199.545
9.00376	-518.951	19.6872
-197.024	388.331	163.311
-320.835	181.515	193.999
163.548	-493.437	8.1381
52.9832	259.551	-192.261
314.275	168.297	196.641
-263.127	-447.838	-15.2554
-126.675	-484.37	85.8005
-143.81	-408.004	165.287
-26.2181	418.854	173.393
-246.734	108.615	-193.541
-421.918	179.153	-144.401
288.354	-45.3599	198.016
130.4	-226.626	-191.242
-329.861	-258.761	-173.639
225.162	245.121	199.587
-153.669	-4.49993	-111.157
-290.723	262.662	186.665
-219.349	-200.163	-198.667
-14.4801	500.209	86.309
210.73	-219.62	199.388
-95.752	-251.056	193.308
69.628	-272.032	-196.121
406.735	-322.22	-20.9334
-102.423	102.12	96.1603
-305.346	398.408	-83.0064
422.52	133.942	-157.516
389.673	-324.725	70.2975
334.658	8.04901	-199.455
-211.987	-157.617	-192.047
172.059	151.472	178.217
77.3136	-481.61	108.863
-1.84263	-343.852	198.572
15.0006	517.983	-26.7694
205.348	77.2913	-172.865
247.389	-133.662	-196.198
15.8751	444.274	-156.478
478.564	15.8029	121.552
-205.261	118.34	-181.933
455.737	-232.249	57.6763
-242.854	222.136	-199.792
386.905	345.756	21.077
-397.355	213.745	-150.956
-487.199	77.2322	-99.866
-98.9134	-502.841	-54.3369
-385.449	348.753	-8.76572
-196.878	-481.28	-1.76678
-154.006	-496.455	-9.07715
-45.3749	111.319	-9.19747
-223.797	-467.1	-28.592
120.68	-469.385	113.535
-288.866	-237.737	192.54
-173.849	21.0222	-137.871
-186.56	27.4004	150.744
-162.668	-368.191	-182.181
463.388	-180.834	-92.3102
-31.6518	513.021	48.6364
-294.487	-104.643	-199.86
293.162	426.946	-28.8674
498.718	146.917	-6.06764
-346.889	27.2578	198.036
-51.8838	150.316	-118.68
50.6427	-497.514	-87.0035
-155.462	-437.759	138.228
-258.749	398.71	126.009
441.637	-223.931	96.5251
-519.357	25.447	-2.811
179.559	348.817	-186.467
-13.9779	-384.256	189.31
75.6416	-475.966	-117.37
-12.4038	-476.239	-124.655
138.735	37.0965	94.2665
-352.426	-47.6879	196.799
111.877	209.843	-182.329
-300.643	348.502	-142.573
-289.723	146.849	199.942
98.0339	-231.865	187.99
-255.143	292.265	-188.098
290.23	-316.114	-167.596
145.577	422.577	154.543
-280.033	-313.688	172.916
-22.5311	-272.036	194.391
85.1061	-168.336	-150.802
357.627	-221.89	172.699
59.8889	162.5	-135.813
385.244	333.955	62.9285
190.212	413.905	-147.086
215.553	-466.549	48.8735
-261.031	67.191	-193.53
258.54	271.621	192.29
-246.113	441.205	-75.4898
-295.504	427.137	-15.5736
365.609	263.026	151.651
-420.534	-254.982	-102.4
428.843	172.312	-140.673
213.331	432.508	-116.928
404.104	299.884	80.1886
85.8612	332.129	198.668
206.086	-329.645	-187.807
307.866	213.035	192.463
-163.966	-341.94	191.031
163.665	-408.015	-160.287
20.8963	121.83	-37.8221
64.7311	-397.208	182.215
-364.879	-41.4255	-194.345
-122.206	-485.155	-86.5364
144.369	-172.908	176.134
190.087	-463.529	85.1015
137.803	-213.956	188.968
121.956	9.19969	-30.2618
435.172	-125.422	-149.47
122.347	-115.944	130.634
-203.609	409.963	-145.009
416.98	20.8695	-174.624
513.611	-56.6086	36.0655
-362.776	171.3	182.781
419.876	262.41	96.5875
-150.322	-84.0963	-134.792
-354.803	-124.297	192.016
150.298	316.787	-197.64
-164.749	-229.975	196.528
-455.883	-182.645	103.544
60.3387	514.659	-26.8915
228.769	37.7528	-179.532
62.5651	-145.949	-118.375
-515.437	18.3162	40.9514
428.162	119.596	156.483
1.95735	149.296	104.233
-200.613	474.434	43.9778
-435.884	282.169	17.3708
138.379	76.824	-117.663
-438.135	78.2695	156.068
-354.862	282.247	148.993
-48.0576	313.223	-199.976
121.258	397.885	-175.48
50.8378	-288.48	198.159
-488.806	176.087	13.3258
-222.44	123.249	188.902
325.632	-112.039	198.51
-99.1748	-92.2052	-76.998
-122.942	9.814	36.3617
-322.96	-338.468	-134.71
453.372	253.594	-14.4521
-256.712	341.378	168.888
-481.228	-69.5104	111.221
25.9362	-511.754	-54.5714
269.435	-354.994	-155.591
155.839	-260.589	-199.329
81.0006	465.41	-129.509
394.179	-20.7661	185.516
-350.809	-347.472	-99.0237
350.248	378.686	-40.6455
402.008	243.8	-132.107
303.65	-396.865	-87.7845
169.048	445.983	-123.966
357.515	169.368	-185.159
427.366	250.211	-96.4171
236.109	354.654	169.562
-509.919	101.534	5.31499
-413.45	-310.233	35.077
-65.1491	-149.755	-124.295
144.216	-404.726	167.261
-106.856	-293.073	199.838
483.37	-70.9139	107.671
-484.402	167.105	54.5568
515.71	57.0925	21.3153
-476.024	-151.082	-88.356
-120.341	-332.709	197.123
256.318	416.627	-106.701
116.167	-342.759	195.56
35.2402	-123.911	58.7531
397.362	-136.563	-173.105
-188.17	-396.566	-160.786
350.714	49.8797	-197.047
460.675	-43.381	-140.118
-280.411	322.018	-168.973
445.932	242.094	69.8379
381.084	-277.183	130.883
61.2113	260.8	193.091
353.175	301.87	138.165
262.015	325.686	-174.345
-315.984	292.869	166.481
-360.596	373.183	20.5972
449.391	-184.651	111.779
-331.959	89.8165	-198.567
302.934	358.347	133.15
-74.2058	-146.503	125.435
-77.8032	-459.817	136.311
-289.941	-61.2056	-198.594
-8.74401	519.703	9.44561
-478.35	-174.265	65.1126
-9.91834	153.117	-110.712
-505.557	94.2417	47.5487
-112.032	406.154	172.435
250.069	-198.94	199.999
-468.937	116.529	-115.612
-154.443	-46.2252	-121.6
-233.863	-385.01	-151.582
-104.156	223.31	185.967
72.3922	413.359	173.407
148.744	-480.063	81.6394
-119.635	-377.469	-185.008
140.503	-70.5364	-116.194
-113.12	295.226	199.963
-304.904	-400.023	80.7461
-426.107	254.966	-93.9432
-123.73	63.3587	85.1005
-108.906	-119.461	122.172
66.5427	447.886	149.545
232.247	-173.322	-197.705
-490.424	-103.445	84.6231
424.302	4.72056	170.633
-72.1414	301.96	199.772
-319.439	404.735	-41.6814
199.667	-308.411	194.301
-136.823	433.128	148.268
-263.541	-197.422	199.784
140.296	-303.448	-199.487
109.698	108.047	-111.513
-269.494	-442.549	27.1598
-38.2384	132.523	-82.7674
-21.2769	-513.626	48.3544
465.574	221.498	-41.8226
-194.373	48.9725	-160.334
343.953	127.589	-194.434
132.295	0.116663	-69.0436
142.158	-115.385	-145.795
-514.796	66.0406	-19.8253
-160.638	61.8355	-134.663
330.225	-110.999	-197.976
105.606	435.65	153.452
-437.876	-251.17	76.4811
-336.617	336.755	-124.973
312.421	-408.66	-46.9865
-337.361	-116.826	-196.545
-335.579	-388.841	50.0929
112.881	399.202	176.075
-488.215	45.876	104.763
78.2852	404.611	-177.524
-490.955	148.623	-52.6057
486.071	182.487	17.8934
237.275	439.199	88.8212
158.929	-463.438	-105.467
119.184	209.769	183.849
131.83	457.381	125.156
-78.1635	-446.616	-149.008
103.001	-135.119	-132.175
-352.652	343.213	101.897
495.518	145.059	38.2195
234.151	202.066	199.713
431.116	224.926	111.158
508.393	-99.2044	28.3412
-249.729	-47.5639	-188.872
74.8047	131.909	-107.963
-427.582	-189.701	134.769
-28.183	-123.625	-51.6959
62.4891	106.27	-36.08
337.928	-380.396	-65.9365
-268.528	-407.419	108.59
497.787	112.199	61.608
-268.335	444.978	12.2567
-79.2073	-492.312	-89.9256
275.856	186.07	199.594
-472.284	186.427	-68.927
102.115	-64.2798	-16.2611
-47.9888	-201.098	164.843
342.506	-378.684	60.5963
274.284	-309.867	176.628
-463.343	-224.282	-45.4352
268.358	445.398	-1.34433
-404.616	320.369	-39.3477
-6.99052	304.685	-199.419
-144.797	101.283	-139.522
95.3716	79.1873	-39.6078
118.762	19.0218	10.4959
-114.189	36.9269	2.1632
-427.579	-174.295	-141.104
-509.569	-43.0076	-58.0801
519.605	14.2535	8.94214
-412.677	114.239	168.206
104.052	507.99	-24.1437
304.002	411.037	58.5369
-3.83268	-139.411	-86.0627
-511.253	-22.9843	56.7831
98.4517	503.202	53.3895
-434.664	98.7832	-155.524
-496.932	-77.1635	-80.9466
-337.105	-380.14	-68.0111
442.906	-266.927	33.802
359.781	-44.3954	195.43
-396.835	-206.262	-154.307
-124.278	-184.025	174.378
131.925	-256.673	197.518
8.89388	122.614	34.1435
123.386	28.8451	51.3828
-517.699	-9.40363	-29.6851
-477.132	-110.955	-105.578
42.9941	145.195	107.624
81.0021	513.143	14.1753
108.83	-504.364	-39.9375
-494.207	-29.1479	96.7055
184.696	-110.071	170.225
-446.399	159.076	127.734
161.685	-34.8294	-126.874
154.6	-92.2716	142.87
131.597	-73.4744	106.509
23.9459	-274.923	-195.092
-502.701	-62.458	72.0627
291.35	390.614	109.588
-411.547	-262.417	108.375
-214.402	-117.299	-185.158
-144.692	-405.566	-166.634
371.16	348.487	-65.0671
-66.7628	-429.653	163.765
319.55	-246.836	181.605
232.617	154.875	-195.848
452.072	218.784	-82.4148
168.794	76.782	-147.962
188.258	483.916	-17.361
34.2703	-492.527	99.1074
-34.4035	-142.564	99.7597
-190.157	158.492	-186.415
338.033	339.664	121.052
300.966	310.434	-165.443
227.711	-466.784	-15.9262
503.975	114.921	-35.0133
-427.442	219.054	-119.595
125.135	-298.222	199.971
-354.278	378.976	-22.0305
231.497	-446.003	81.8088
360.556	-179.097	182.152
74.2349	-105.791	60.0825
-72.9303	513.015	-26.9698
-492.432	-37.6449	-98.8417
322.306	-374.717	98.1481
-32.9452	-386.916	-187.971
-361.322	237.988	-165.253
416.99	286.807	-73.2538
-69.3329	-309.194	-199.976
80.5762	291.435	-199.221
121.941	504.81	16.3625
-456.392	8.91952	-146.196
-374.831	351.154	-50.1032
73.0705	-357.401	194.919
8.24936	-301.57	199.159
160.926	193.377	187.932
468.094	214.991	43.9763
284.981	-433.301	-23.4752
-162.089	-463.023	104.424
56.5711	-450.69	-148.267
480.027	-113.771	99.7909
445.759	98.5629	-146.153
22.1294	339.107	-199.015
-373.188	307.338	115.254
-176.084	-378.473	174.664
246.147	314.671	183.517
451.393	142.413	128.418
369.958	210.352	-169.862
-432.069	-20.9402	-165.308
432.328	212.178	-117.853
-266.991	-45.2266	193.853
-448.453	-0.666665	153.296
-8.77155	-129.565	62.0267
163.967	-338.161	-192.053
-361.889	-194.373	-178.208
-286.212	-7.43183	197.142
-17.4761	171.242	134.666
-499.806	142.295	-11.5356
81.6992	-513.462	-5.61835
343.527	-70.3267	-197.637
-466.323	-110.182	121.108
-467.24	-35.2784	133.892
-113.508	-60.801	58.5634
-142.818	327.913	196.422
457.726	205.238	83.7214
183.803	261.072	199.999
102.933	433.239	-155.885
484.476	184.486	-25.1467
23.1851	-509.915	61.089
251.879	-448.395	-47.4234
355.114	150.274	188.935
196.605	456.162	93.635
-432.924	-41.7727	163.677
-331.744	-161.439	193.92
212.703	426.814	124.054
-297.755	-426.285	-2.94598
-54.998	414.14	-174.47
487.828	-29.8371	-107.363
429.995	288.228	-30.508
-284.586	383.976	-122.698
425.597	-169.028	144.824
-69.9505	361.279	-194.157
178.411	111.449	-167.27
-62.0319	-512.976	36.1119
471.443	59.4329	126.177
33.236	-185.189	150.383
-101.151	-414.042	-169.463
502.796	-41.8978	77.1064
416.406	50.3967	173.525
-223.14	463.561	-46.7031
282.002	140.355	199.937
-35.2704	-313.089	199.939
365.132	305.587	-124.988
483.331	-189.807	-17.138
207.022	265.668	-199.293
-136.819	-262.76	198.585
-249.748	-348.712	167.738
392.606	134.054	176.072
269.218	-283.074	-187.105
148.347	472.769	-95.9201
463.534	-233.866	17.9964
348.192	-263.196	-162.584
-333.73	141.627	195.424
158.293	-325.25	195.599
24.9658	130.974	71.7992
-378.083	129.623	183.44
153.891	146.096	-168.458
-478.015	-198.233	31.5916
-385.853	154.812	-175.589
-388.699	-123.708	-179.643
453.489	250.748	26.8026
194.375	-349.773	183.236
420.258	-210.953	132.024
342.531	244.797	-172.615
-121.273	24.3903	-38.3016
-416.156	-288.583	72.4273
-474.594	-70.727	-120.22
-154.92	397.219	169.373
-28.6	-316.356	-199.986
218.176	43.8347	174.645
-67.818	176.022	-150.808
-223.889	-322.136	-186.475
-327.942	-218.115	-185.865
386.123	316.552	-88.6184
45.4684	-154.979	121.989
204.837	330.889	187.661
-205.889	-83.6344	174.472
182.273	-433.481	-132.01
191.905	460.593	-89.2693
-99.3071	336.196	197.652
-110.971	111.209	-116.04
-52.791	506.064	-65.9597
-177.417	138.226	175.947
401.46	-20.9059	-182.415
-306.229	-276.416	177.308
-45.666	-133.416	-89.2434
353.49	-380.505	15.9355
-184.797	441.999	-121.224
-491.359	112.579	-78.1704
39.7937	113.21	0.400564
-195.183	-309.065	194.747
-1.628	202.924	-162.157
-262.72	361.002	-154.929
-267.326	435.348	59.7291
120.406	-36.5561	-47.9489
-472.432	117.195	110.427
516.713	42.4621	-24.8164
453.358	138.493	-127.56
363.556	-88.232	192.541
-259.818	447.754	-30.3957
429.781	-83.0365	161.678
427.213	-289.513	-39.4519
-455.134	246.413	31.1557
-505.563	-95.3872	46.6537
-54.0402	448.865	150.159
200.155	-255.107	-199.955
-405.47	290.274	89.8853
-137.235	82.9714	120.488
53.0896	302.162	199.563
506.217	70.6173	58.9373
351.374	-263.208	160.727
419.579	161.276	152.407
-509.294	-83.151	-39.6175
-232.205	465.264	-1.98996
-389.33	318.951	-80.0148
-512.579	-87.4108	2.93002
-267.346	-422.946	-86.4367
301.427	-75.4636	-199.785
-306.67	222.672	191.104
-67.1641	-109.953	-58.8141
-297.035	284.094	-178.087
176.222	-482.94	48.2728
59.3522	439.415	-157.388
249.239	-325.292	-178.707
174.421	-476.81	-69.025
-514.801	-54.5642	30.3455
150.022	-131.697	159.719
-317.967	355.867	123.612
-10.5195	-421.283	-172.381
264.743	375.36	143.482
90.3677	185.8	164.751
-7.67324	509.008	-65.2223
-174	-143.883	-176.418
169.037	-74.1185	-147.171
313.066	-288.74	169.669
-9.07727	-354.004	-197.068
-459.152	-213.621	72.4582
199.414	189.796	-194.94
-58.0238	-393.556	184.243
-68.1814	-207.605	-172.339
-284.41	-428.9	-46.034
6.60939	203.87	162.907
315.474	403.608	-55.0576
270.42	437.628	46.843
-247.39	269.945	194.601
-212.568	303.003	-193.616
105.519	-77.1262	64.542
-168.548	67.8463	144.467
-479.802	5.73342	120.218
387.677	-237.608	147.838
-306.34	106.981	199.95
-86.7607	-210.854	177.587
35.0619	411.089	-177.281
-471.133	156.3	94.2816
-333.454	251.803	174.43
-370.346	194.321	-174.215
-41.4865	267.176	193.746
38.4941	-134.187	-86.3453
289.057	-134.728	199.997
373.78	-105.23	-187.973
164.566	345.831	189.822
-328.261	403.279	2.04946
123.167	-505.195	1.77315
123.393	360.225	190.543
-303.021	-417.631	39.8885
-473.197	215.601	0.437503
-236.962	-311.475	186.834
-245.826	396.96	-135.708
83.4633	503.249	-62.0753
24.5039	173.289	137.763
88.5446	-454.298	139.982
-332.224	-87.479	198.609
514.389	-41.7926	-39.384
80.4076	-116.435	-90.2112
429.22	-38.9023	166.384
-443.358	255.885	-56.3356
151.147	2.64414	-107.222
517.082	0.42353	-34.0408
137.199	359.292	-189.281
473.851	-155.286	89.9193
125.287	456.291	-128.593
15.6663	492.892	-100.112
-90.8592	143.7	-132.304
-219.457	-195.21	198.265
-136.336	392.826	-175.556
114.86	-102.003	-110.978
-77.5052	-383.59	-186.843
-278.901	365.766	142.86
500.641	0.330991	85.8424
-476.013	40.7596	-122.936
-222.389	453.268	76.2733
164.981	-283.668	199.834
365.733	-290.281	-135.689
-181.801	-119.9	171.904
-323.504	-30.2699	-199.94
412.93	-251.124	115.476
-293.81	-324.408	-161.713
95.1087	290.973	199.518
213.713	-176.513	195.363
-267.217	414.336	-100.302
-134.632	9.90165	-75.9821
361.232	-348.305	-83.3559
55.3672	510.515	50.5425
29.8005	499.854	85.629
-189.798	-45.9323	156.346
347.003	194.648	184.219
-114.718	-506.507	-16.2874
395.207	170.199	-166.837
-129.043	205.319	-184.376
7.24511	-497.461	-92.1352
-154.982	-152.963	171.889
-309.49	-49.0085	199.889
135.98	0.394438	78.3386
25.3773	-219.101	173.53
-232.291	36.9937	-181.141
-175.509	488.979	13.8082
-57.3068	-473.74	-123.653
180.626	110.157	168.054
121.513	-342.161	-195.301
41.7608	195.706	-160.084
-223.907	-121.418	189.043
-13.6195	452.606	149.536
-354.749	-307.312	133.023
83.6086	-316.761	199.855
-100.814	-508.906	21.9142
-138.464	147.096	161.49
-14.7704	-230.775	179.229
-9.21522	415.032	-175.925
-449.623	-259.139	-20.4224
396.09	-153.39	170.372
391.052	-328.096	-61.0341
179.347	479.077	57.53
-166.594	-431.525	-140.268
-245.006	-84.1689	190.49
325.479	76.5568	199.484
-404.704	-230.506	136.962
-432.054	272.353	60.1801
306.691	-403.29	71.8252
-96.5995	72.1071	14.7435
-115.696	505.285	-25.5516
-122.225	52.0478	-70.5212
-49.4726	-242.777	-186.5
483.278	-27.5852	114.379
412.632	-95.7037	-171.085
38.5456	470.615	-129.761
162.761	-50.3684	132.714
-142.225	-493.439	-50.4706
-223.621	26.5403	176.1
19.058	-156.704	-117.091
-30.2583	444.753	-155.496
75.6684	-170.611	149.046
273.162	-37.4034	-195.035
-375.536	-83.8448	189.217
451.858	29.5178	-149.527
289.528	196.577	-197.744
218.74	226.73	-199.939
-432.517	-288.633	2.7677
-5.59735	119.931	-4.94938
505.466	-10.1645	-74.5961
42.6325	-466.342	134.205
401.166	90.7957	177.938
91.9717	469.648	121.884
447.544	-251.144	-51.7262
-353.964	1.61962	-197.094
153.653	89.8453	140.833
366.857	60.8111	193.158
203.91	-69.6431	-170.512
-41.0788	-169.742	137.372
-50.241	-119.331	60.8313
-225.167	430.287	-112.086
-166.065	-474.993	-80.268
-145.021	-460.6	-116.046
103.855	142.164	-138.855
479.533	126.754	94.9907
-179.177	-270.274	199.954
-138.529	491.023	-61.8688
-357.995	347.574	-89.2795
206.896	-398.267	-153.004
-263.299	112.87	197.17
-409.248	-320.597	-7.16995
-234.244	197.779	199.549
-86.3243	280.678	-198.257
213.699	-464.762	-57.5601
-114.583	-149.932	150.868
20.2997	422.649	171.356
218.709	-89.646	181.675
-86.0093	-94.6467	55.6179
398.39	-275.783	-113.707
466.144	165.389	97.5174
-130.005	319.234	-198.47
92.517	-86.9887	-52.4127
210.404	133.014	186.944
-55.0747	342.187	198.224
12.7936	314.501	199.931
-126.22	-264.154	-198.136
-391.044	-284.404	-115.144
114.527	75.5549	-81.1527
80.0095	89.4879	4.00289
240.769	458.999	25.9105
495.685	42.9921	92.0726
-62.9242	110.688	-53.6266
190.532	150.253	-184.436
-205.804	456.693	-85.2451
307.032	-326.449	153.551
-263.499	229.297	197.843
-290.443	-346.767	149.961
291.088	-428.11	30.2586
-280.114	71.4206	197.595
383.421	349.366	-22.6064
117.501	-471.696	-111.388
370.091	91.9058	-190.364
109.83	-383.083	183.943
-99.9989	-402.056	176.37
-277.463	188.926	199.385
-243.226	-159.065	197.83
252.166	409.275	119.031
448.756	32.9799	152.015
-134.037	-496.846	46.1241
287.442	-179.7	199.096
-7.89129	-120.242	-14.139
274.961	-165.035	-199.999
-252.35	-90.3886	-193.135
408.931	204.704	145.421
478.251	-73.273	-114.714
-77.971	471.582	122.642
106.782	249.942	194.104
258.928	118.911	-196.901
-426.168	-291.78	-37.3435
-29.6788	307.2	199.677
384.705	-249.789	-144.105
-349.932	102.838	194.934
-447.52	-222.834	-87.3229
-84.048	-121.202	-101.198
-365.261	65.7656	193.353
236.7	443.916	-80.512
162.72	493.132	16.8928
311.039	-273.774	-176.339
-289.8	-197.837	-197.6
33.3799	-115.837	-14.8268
287.331	297.379	176.791
-514.078	30.4647	-44.53
-353.053	-198.493	181.027
256.098	245.3	-196.98
400.104	245.736	132.805
273.222	419.879	85.1931
54.4805	-312.09	-199.975
-461.048	39.6435	140.081
-220.92	411.551	135.508
-198.887	230.653	-199.403
418.726	-234.212	-120.295
-158.634	289.216	199.757
211.29	1.21452	-167.878
-98.5741	-70.1784	20.0102
-331.942	393.385	45.6513
-449.589	233.753	71.6493
324.574	383.267	82.3999
-447.367	-150.374	130.027
325.913	-156.888	195.603
-183.504	-482.138	-40.3932
137.47	-35.0265	-90.9228
182.928	-295.097	-198.142
392.291	-196.061	161.072
-133.669	-51.399	93.5172
-181.118	90.0738	-161.684
-246.352	-447.882	-58.7945
225.253	393.287	149.167
327.896	330.214	-137.373
-454.208	252.427	-12.0114
-437.801	-272.912	40.2995
448.008	-263.562	-9.28253
31.7709	-477.357	-122.087
-505.254	71.1493	-61.7182
-295.851	-283.293	-178.8
117.095	-71.5338	-81.1791
-364.281	-357.835	60.4895
-359.481	-151.822	-187.265
91.9538	-494.849	-79.9618
219.434	-43.909	175.335
468.183	-206.343	-57.2286
397.203	-63.0367	182.339
40.0328	388.359	187.194
-416.386	-92.9668	-169.199
-155.488	494.694	-24.0075
479.175	176.772	60.1461
-331.046	204.652	-187.648
219.36	-0.243505	172.834
-96.3319	-233.368	-188.254
-490.716	127.612	70.8309
253.144	69.7189	191.577
402.408	-206.517	-149.983
26.6453	455.003	146.844
-352.445	-380.292	-24.4679
77.7366	-347.4	-196.735
353.675	354.824	85.1142
409.659	320.171	-5.1895
-151.042	-302.314	199.193
233.062	298.576	-191.171
-505.971	53.3699	66.0513
245.901	-417.929	113.167
60.6422	-128.696	91.7136
49.0467	478.902	118.101
345.246	-303.614	143.067
-1.02161	387.659	188.208
99.937	99.0295	88.5925
324.899	-67.6579	199.648
54.8218	-435.38	160.88
-466.614	-30.0052	-134.985
357.412	0.457071	196.47
-317.864	131.034	-198.577
120.545	169.877	-165.902
-345.026	163.956	-190.147
-493.434	-136.43	56.1802
45.0639	-240.168	-185.144
196.672	371.136	173.19
343.757	-388.179	-24.3783
-162.794	468.775	-94.5525
-37.7031	-495.351	-93.5274
-123.892	-17.6841	-45.0852
-444.462	49.2834	-154.349
457.912	-100.6	133.6
467.956	63.3707	-129.718
125.193	-41.6601	68.0777
-175.602	246.909	199.275
-180.135	384.926	-170.227
268.499	41.7367	-194.086
66.3934	-503.306	69.1467
362.623	-134.467	188.532
-413.463	-156.622	158.377
373.643	-354.82	43.2253
-120.457	479.72	-97.5218
122.032	282.958	-199.649
315.072	-413.598	-5.05612
474.753	102.311	-112.069
404.861	206.102	-148.199
-94.8143	86.5564	57.2912
-81.795	-176.443	155.708
-412.094	-290.686	-77.671
-383.064	32.9665	-189.321
118.992	112.142	124.54
-298.509	329.957	156.166
-394.141	-10.075	-185.699
-395.267	-166.175	-167.832
-90.346	-363.409	192.439
43.9491	345.715	197.959
9.36556	378.197	-191.31
57.4844	-244.687	187.848
-386.975	201.47	162.724
-219.401	238.247	199.962
175.87	-423.76	143.99
-420.638	138.273	-157.875
-32.9275	-455.565	145.94
-468.909	79.6041	125.63
-403.802	157.627	164.69
418.228	-165.987	-152.019
164.806	388.269	-172.154
125.538	-157.174	-160.86
-299.692	-376.78	118.064
-171.765	358.7	184.288
-505.123	108.118	-36.9085
370.648	-316.212	109.736
-1.48269	-181.213	-144.014
-110.203	-48.798	-14.4579
-60.4503	228.384	181.62
-18.6168	131.271	69.8237
156.808	471.792	92.797
150.715	-494.416	-35.2018
15.1927	-125.51	-50.292
-8.24373	-193.78	155.282
133.652	-487.971	-73.6544
-168.583	-489.838	27.9596
-295.156	387.823	109.495
-144.092	-117.881	148.624
-444.08	-60.7943	-153.489
-247.708	-236.874	198.703
57.4745	-113.573	-53.4975
-384.92	326.896	75.9943
139.82	492.938	54.6671
-262.384	33.7499	192.158
497.602	-125.059	-52.1664
-191.945	100.167	171.142
-35.1281	383.085	-189.248
-412.828	316.165	2.2251
-72.9332	-514.343	-14.3023
-252.694	-132.068	-196.936
146.611	424.579	-152.685
205.689	-437.208	115.644
-517.194	-48.2876	-14.9146
168.041	482.977	-58.0978
-348.638	212.031	179.575
117.429	-24.9986	-4.90194
-52.2352	469.916	-129.031
187.789	-21.0433	151.095
277.389	425.353	-68.759
441.836	78.3707	153.062
-69.2572	-98.9418	17.5632
202.09	-478.686	12.7026
-491.703	86.1511	88.8237
358.739	368.989	46.0234
189.594	-180.972	-191.436
-273.764	301.922	179.816
-109.11	244.158	-192.967
-400.342	250.065	-129.957
276.457	338.723	162.048
-254.113	-348.105	-166.378
489.527	23.2029	-105.233
35.2393	-351.92	-197.144
161.197	4.15802	121.65
121.305	-414.071	-166.053
-202.907	-286.335	-197.592
316.789	-33.2443	-199.995
-134.795	-32.2594	-84.2296
258.393	-385.148	139.007
215.806	89.314	180.355
329.344	-305.209	-152.819
108.401	-492.799	77.0071
430.132	61.5964	-163.967
-310.039	-200.619	193.832
-187.044	318.76	193.756
-17.1792	234.278	180.995
14.0423	-389.362	-187.493
-369.401	-234.062	161.981
-333.862	-369.349	91.4295
-154.581	109.285	151.394
-423.946	251.078	100.84
313.982	365.734	-117.254
-111.817	359.692	-191.803
7.0788	481.259	118.232
-238.896	457.79	37.9067
-310.294	-123.026	199.524
142.885	129.037	154.112
-336.38	272.957	-164.885
401.925	320.4	-48.6076
41.1466	-177.429	-144.893
431.243	-262.614	76.2074
16.3892	-142.093	93.1848
-332.763	-73.2695	-198.922
105.086	482.868	-98.3079
182.263	-108.256	-168.326
-463.713	193.973	81.4836
247.508	-391.54	-139.609
-288.21	-161.426	199.733
372.551	320.826	102.641
-234.758	-463.457	13.8069
-64.7391	243.972	-188.235
11.798	-313.628	-199.905
98.4152	-448.114	-144.001
-318.846	-312.664	154.858
-411.415	308.535	47.5983
-203.749	440.764	112.177
-219.521	-382.129	159.476
-390.598	31.3593	186.646
-303.697	-403.228	-76.4737
-515.011	61.2735	23.2528
322.742	122.167	198.42
274.619	384.039	-129.838
486.265	-165.261	50.2643
-421.086	188.873	141.338
494.608	-125.51	61.5793
106.144	59.7974	26.9842
-327.772	-10.5697	199.842
-140.577	479.6	87.6348
425.227	-53.5591	-167.955
36.9075	518.345	11.697
332.629	396.773	29.8799
192.387	219.418	198.004
145.355	-30.7487	103.017
-474.641	150.435	-91.3673
-207.278	-9.34732	165.352
-110.14	-89.3583	90.8591
275.447	157.844	-199.984
369.41	-359.529	-42.2562
239.967	-438.728	-87.0413
25.638	229.735	-179.186
-97.9344	157.464	147.96
-135.903	501.384	14.4667
301.102	-199.711	-195.687
493.398	107.693	-75.958
-360.239	121.703	-190.712
139.215	114.587	-143.13
431.088	278.257	52.1091
-79.8081	133.991	114.412
154.113	192.636	-186.082
20.8352	-209.331	-167.273
466.674	-226.718	-21.59
-30.1373	517.02	-28.9237
-285.034	-363.232	-141.126
-3.94129	-518.747	-22.2154
410.884	312.69	38.1213
454.731	-142.066	124.648
21.2969	-411.446	177.585
-418.586	288.904	-66.543
377.285	14.9455	-191.532
-254.59	-176.056	-199.726
-329.255	377.532	85.2139
-133.36	-159.476	-165.623
-337.703	320.823	136.901
-119.989	-4.29297	-5.14363
-329.778	-300.577	-155.151
507.768	107.316	20.1272
-114.104	-195.9	-176.908
-197.185	344.982	-184.433
52.1202	-109.483	22.383
-148.59	167.569	-175.432
-187.851	-410.92	150.409
-374.995	-84.9615	-189.314
199.27	-453.098	-96.8595
385.693	-63.1712	-187.037
-290.301	212.106	-196.054
-123.521	-439.868	-145.819
-68.8285	100.537	27.0692
67.3611	-509.957	-47.0532
74.5761	493.993	88.0182
220.777	338.628	-181.393
-205.994	-463.434	-70.523
-77.6098	-119.617	92.3322
-252.686	-268.268	-194.022
-342.115	377.051	-65.0454
417.831	-297.672	52.3677
-399.044	106.808	-177.014
-172.021	-189.758	189.525
286.005	81.1635	-198.707
-243.147	-4.58959	-184.663
64.8978	164.594	139.75
10.6339	267.172	-192.955
234.221	400.12	-139.175
-22.8226	-275.058	-195.101
-137.101	-86.2391	122.581
95.3237	367.647	-190.85
137.041	40.8933	-93.1419
-115.287	49.6857	46.739
191.714	307.337	-195.491
-208.194	-420.842	-132.825
-448.316	149.312	-129.366
480.157	-196.046	23.3057
131.109	-440.124	143.572
515.221	-69.9014	-4.83684
286.692	-241.542	-192.323
402.149	-327.076	25.52
310.647	271.76	-177.198
356.424	-145.822	-189.108
-191.317	207.054	196.339
219.151	461.602	59.3757
252.001	-155.425	198.564
-213.038	-32.2681	-170.508
-239.447	333.827	-178.189
130.008	318.122	198.595
-312.191	12.6527	-199.857
-465.71	221.45	-41.3425
428.039	-126.253	155.1
-182.728	467.551	82.9457
10.7693	-120.962	23.9596
-40.2819	143.761	104.215
264.645	-411.195	-106.957
-474.343	-143.811	95.6143
-93.6876	-500.919	63.6387
86.3195	91.4992	47.7758
-500.062	134.534	29.2968
-143.882	-121.961	-150.793
389.138	283.974	117.649
-64.4779	-280.521	197.397
-319.412	-406.478	-34.7341
-98.1562	489.692	88.3406
57.7752	-385.723	-187.34
391.997	55.4245	-185.04
-75.9111	488.206	-98.4831
-197.477	480.107	-18.5933
202.78	477.512	22.0122
-129.267	-20.6796	65.1556
-471.295	-189.571	-68.2573
172.006	442.965	126.161
161.47	-454.527	116.792
-80.3713	-271.056	-196.495
-454.313	-143.134	-124.747
-451.983	-101.186	-139.65
492.855	65.0876	-92.8628
-439.242	210.094	110.2
-451.261	-77.3571	144.911
131.281	168.879	169.54
297.959	-363.683	132.113
300.245	423.578	17.9041
-86.6852	375.992	188.847
36.3497	507.892	-64.859
-171.534	198.221	-191.447
-222.786	373.519	-163.691
-182.245	-60.8269	-153.781
200.537	176.888	192.96
108.648	324.984	-198.712
500.14	-84.6302	70.2674
-431.618	286.871	-26.3551
176.974	228.515	-197.588
-325.794	-173.036	-193.931
77.3207	223.55	181.756
187.942	21.2059	151.242
104.282	148.99	144.628
-206.213	-234.725	199.857
-123.453	184.416	174.301
-97.4078	463.866	-127.629
-433.806	-115.273	152.955
458.047	-56.9375	141.27
-392.882	-194.956	161.045
160.806	47.1859	129.499
330.43	205.378	-187.7
335.731	-340.841	122.075
-50.5103	-109.813	-18.6661
507.6	74.3256	-52.4034
-519.354	-14.644	13.2569
33.2584	147.178	-106.778
478.004	-140.54	-90.7287
-51.9105	-501.801	77.2487
-379.478	-270.024	136.964
-458.47	-237.792	37.4192
434.232	285.566	10.6442
-196.527	-438.878	118.83
-246.736	-409.654	-122.336
402.83	-290.668	93.5937
-372.23	240.959	157.381
207.563	377.858	-166.294
-214.082	348.474	179.116
122.833	-12.6536	37.1616
369.963	265.744	-147.092
-25.9615	177.447	-142.174
290.826	48.8895	198.42
-428.031	37.613	167.243
-43.0963	-481.921	114.696
-403.236	74.7618	178.551
48.3023	199.506	163.82
248.484	364.867	-158.908
-57.324	-509.32	-54.1308
-55.289	-419.413	-171.413
-445.333	118.744	141.948
-260.572	-381.032	141.233
-181.407	478.648	-56.4377
-462.255	79.8762	-133.295
120.063	43.2234	-54.6338
409.5	-295.191	-76.4661
507.617	-111.078	-12.1867
327.635	87.2071	-199.091
-506.518	-2.15079	-72.1763
-228.669	-412.532	130.37
443.699	255.16	-56.5627
-152.765	35.7747	115.748
65.7646	331.855	-199.16
-203.684	-459.094	82.3723
224.182	-101.401	-185.825
144.979	498.097	-22.1723
-77.0157	120.705	-93.4637
-56.5077	495.924	88.9455
87.1355	-137.038	123.129
31.1725	-372.891	192.518
-345.152	-273.868	159.543
-237.451	78.0106	187.326
325.598	-365.364	-106.331
456.411	-11.6075	146.123
-239.097	-452.562	56.5489
-141.175	-225.708	-192.634
499.631	-139.801	21.6826
165.84	274.477	-199.999
-372.506	74.9916	-190.794
155.801	385.835	175.397
284.449	-397.266	107.581
341.588	-187.199	-187.529
455.897	177.491	-106.59
472.04	218.122	0.437484
-166.934	-479.968	67.7669
-55.3737	-239.514	185.739
205.127	-140.167	-186.761
-297.654	409.83	72.193
-227.378	261.793	-198.203
-363.022	-275.31	-147.003
112.888	-267.632	-197.807
173.798	-219.778	-195.998
140.466	-442.688	-138.338
-389.357	-341.835	27.3443
-62.1159	118.196	72.297
65.4702	-205.706	170.756
-28.944	492.538	-99.683
37.4187	300.133	-199.229
359.43	375.741	3.32428
-289.795	98.1097	-199.506
16.5388	173.202	-136.678
114.898	65.6241	69.1043
315.276	320.37	152.426
-136.068	277.555	-199.703
-140.084	452.617	-127.85
357.873	-349.932	86.0854
-316.596	-372.537	-107.122
-314.004	243.586	-184.413
-74.7895	441.533	-153.823
72.753	-96.3002	-16.6318
-272.969	251.944	-193.264
-405.597	-52.5292	-179.114
501.143	-56.2268	-77.7058
227.407	-362.977	-168.121
-75.0747	507.697	51.6412
132.316	74.7563	108.477
-16.9672	-510.517	-59.9654
228.499	466.644	-12.8741
374.775	221.259	163.48
188.625	-68.0483	160.392
-117.688	499.717	51.0012
409.546	96.2187	-172.801
-170.807	-257.715	-199.707
-369.806	-352.77	-59.0627
-127.814	-70.2623	-98.3518
-44.0721	381.942	189.322
-51.1665	517.065	12.7983
491.34	-99.8723	-84.2531
-24.8582	-156.885	-118.441
-383.315	-319.478	-89.2226
82.6925	131.52	113.544
366.426	-218.951	-169.061
211.757	467.144	-52.824
184.881	408.539	153.32
253.029	449.414	-41.018
127.447	493.946	-62.0744
435.906	-195.589	-122.91
-203.916	278.735	198.385
96.0269	-307.362	-199.99
-95.0526	-343.045	-196.739
328.13	279.987	166.137
-161.504	-183.817	-185.278
-450.393	222.214	-82.419
439.698	186.326	123.202
-116.257	428.085	-157.243
241.971	159.782	197.732
-138.466	-336.717	-195.083
-371.845	-8.27729	193.139
96.6697	250.744	-193.318
-320.525	310.86	-154.905
-130.735	255.8	197.304
107.116	-195.045	-174.637
512.038	27.7031	53.2267
-244.605	-8.01488	185.298
-214.947	191.245	-197.376
244.182	-249.818	-197.837
-434.618	-222.693	107.975
-288.008	-84.5349	199.013
-99.4543	-468.936	-120.84
426.717	-296.895	7.98696
-301.41	420.805	30.796
-303.45	29.8756	199.43
285.968	-117.599	-199.708
476.356	143.382	-92.2249
185.572	-370.674	-176.249
5.22588	134.763	-75.6627
252.746	-112.342	195.232
-391.421	269.98	125.778
-389.085	341.086	31.9997
-34.6587	-518.781	4.99042
-22.832	-422.214	171.54
68.3426	222.294	-179.874
-117.365	-32.0304	25.6942
285.313	-224.169	195.357
0.158454	-164.26	125.479
-261.004	-306.515	-182.153
117.129	484.325	90.6305
-322.695	66.6936	199.774
427.387	-259.468	-87.2138
289.746	-0.22844	197.699
135.776	-496.938	43.7664
-160.832	420.425	-151.869
250.964	1.25164	-187.708
3.51211	272.142	194.195
298.206	236.176	-190.661
-154.854	354.058	-188.641
-412.728	-3.99457	177.195
335.434	374.921	-80.5258
148.176	-186.232	-182.412
-113.028	-59.4451	-54.984
379.526	-314.081	-100.985
-482.333	-191.079	-21.8471
143.353	-378.406	-181.203
-75.1488	-323.109	199.656
-52.3878	-350.604	-197.002
-282.235	-18.1704	-196.514
-410.837	65.0081	-175.482
484.134	-166.99	-55.5722
488.482	84.9529	95.3387
-451.663	186.079	-107.752
-22.5321	122.807	-43.8072
-44.0714	207.881	-168.653
-182.191	271.965	-199.865
-84.6908	-484.455	102.392
323.57	-22.9198	199.952
253.944	25.0314	189.203
439.024	-11.6774	-160.613
-342.066	44.6614	-198.435
-169.005	-83.2102	150.585
219.413	114.146	-186.33
150.523	-366.527	184.902
246.856	114.983	194.234
-388.369	-299.273	104.869
-128.765	368.719	187.141
-119.804	463.324	121.893
-105.604	62.5791	-33.0709
97.5073	-420.506	165.926
-146.274	216.113	191.088
-173.122	-8.95717	135.996
257.768	-77.448	-193.428
-203.7	61.2778	168.791
447.887	-83.1535	-147.067
-198.024	-156.506	188.231
109.019	51.1924	-13.2613
189.257	-482.468	-26.3256
-79.9593	90.8056	-19.898
-87.2375	-84.9703	-26.623
397.423	279.994	-111.329
-133.674	21.2228	76.8358
149.8	235.315	195.742
253.675	-21.6891	189.005
-390.71	-324.482	68.563
267.741	-348.84	160.192
-33.6355	-450.143	-150.78
36.6173	-421.07	-171.643
244.137	-243.748	198.433
-232.141	150.238	-195.216
-145.071	37.5395	-105.113
-95.3528	441.877	150.211
-120.689	-463.389	121.521
-112.026	-303.543	-199.968
-181.77	-331.546	-191.374
-180.104	-102.649	-165.225
-109.414	-435.74	152.611
473.142	184.886	-68.2832
519.275	-27.4276	0.593112
137.711	241.336	-195.511
-330.887	-237.499	179.942
-159.796	487.731	51.5563
-424.219	-131.51	-156.813
-158.664	-48.0062	127.328
298.867	255.924	186.017
359.239	-27.0007	-195.907
217.494	-214.233	-199.458
-230.601	310.022	188.663
65.2161	119.561	78.8304
-131.984	-372.889	185.178
-282.738	-394.057	-113.031
-358.188	-314.085	-124.667
252.733	-66.302	191.187
-86.3345	-172.802	-154.641
-161.354	454.387	117.03
-399.323	-323.712	-48.4179
-128.683	137.622	-150.614
90.4684	-273.005	197.359
163.293	-146.555	-172.866
-495.237	-117.791	-65.2622
-471.91	207.287	42.5175
254.004	-448.16	43.8363
65.1445	-202.761	-168.951
-374.643	-159.673	179.965
-259.469	182.536	-199.981
247.28	195.029	-199.936
-31.6931	-116.964	21.7104
-79.9835	193.648	166.713
-126.485	-221.93	189.295
-128.928	75.5633	-104.447
-98.541	88.5922	-69.6239
-35.5018	273.305	-195.01
490.886	149.082	-52.3602
180.116	-152.893	181.624
513.232	81.6493	-11.1952
451.719	-153.892	-123.628
272.503	283.902	-185.997
337.124	239.254	176.854
18.1089	-259.458	190.816
-220.84	77.3062	-180.556
171.681	-239.577	198.398
-105.261	-139.86	-137.796
-236.919	-435.195	95.9056
-206.417	166.174	192.287
297.844	396.738	-94.8147
217.786	-404.805	143.149
105.049	-192.383	172.738
-302.279	56.9947	-199.616
-398.479	285.409	-105.12
-8.63232	-499.49	88.0711
243.864	77.1898	-189.412
301.65	122.325	-199.924
-58.3165	166.224	138.957
191.67	-34.0779	-155.865
-468.246	-226.14	-1.55776
-88.8221	322.984	-199.439
-45.0285	-354.262	196.527
466.883	-195.174	73.4209
-485.833	1.1875	-111.799
323.301	-202.15	190.375
269.628	-426.844	76.3054
288.143	-378.076	-125.949
-0.333339	-476.37	124.693
215.558	288.801	195.882
82.9429	184.135	-161.446
-35.5545	477.381	121.71
-118.537	121.677	132.142
-330.634	-401.155	7.7509
-21.0162	345.986	-198.22
507.97	-83.1364	-45.6169
-93.4605	511.147	12.312
288.823	-90.677	199.252
-492.839	-165.065	10.0565
384.601	178.438	170.846
-207.805	-360.846	-175.232
94.9713	-507.992	35.6723
-87.1958	207.842	-176.208
-292.056	-242.321	-190.946
466.482	-112.569	-120.171
160.796	40.2592	-127.318
46.6601	125.017	-72.0818
-204.762	-472.988	42.6138
463.354	102.765	126.865
-328.716	-343.318	126.008
-17.4028	237.67	-182.554
80.8333	372.747	190.338
222.885	-423.403	-121.994
327.5	-231.126	-182.932
-272.91	-427.253	70.9924
-489.982	-156.576	-47.0323
329.841	31.9045	199.676
-107.693	172.325	-162.357
-205.594	8.07323	-164.157
280.898	-267.413	188.146
-452.299	-185.88	-106.946
191.824	40.977	-157.04
381.865	-177.709	-172.512
362.579	104.629	191.594
-254.054	-222.701	-199.202
309.772	44.9964	-199.878
-249.442	155.968	198.328
-360.913	360.577	61.9283
-382.023	-351.849	-15.9372
-367.59	311.739	-117.315
-179.492	-20.2875	-143.448
-484.875	182.572	-27.4436
288.775	348.602	-149.658
-395.126	-246.298	-137.111
79.623	-418.726	-169.456
-32.3473	118.416	33.0815
338.047	292.694	-154.377
-206.494	-346.965	181.615
-166.272	129.169	-167.393
266.775	229.535	197.435
10.9625	513.845	48.7707
286.654	95.8708	199.212
-303.571	171.87	-197.909
97.9271	-105.851	95.3674
-503.524	-123.825	-24.2399
-291.691	-148.693	-199.863
-503.711	-126.213	16.9288
315.643	-154.097	-197.544
-187.385	-450.92	-108.043
234.813	-329.149	181.356
470.366	-2.27639	-131.865
-12.3107	348.078	197.988
396.754	-109.108	177.851
-420.706	19.9694	-172.519
507.712	33.7357	-65.8977
-171.257	312.679	-196.64
216.76	-134.11	189.106
100.432	-381.965	-185.426
114.981	-152.97	153.143
-362.578	-334.964	99.2729
382.259	-352.507	-2.57995
-364.068	-234.347	-165.038
-37.243	198.941	161.77
-282.817	425.819	-58.73
240.658	-287.346	192.343
-181.611	-217.554	-196.622
-1.21205	-241.216	-183.83
-416.025	-79.6445	171.088
-396.586	-119.274	176.462
-499.146	36.4115	-86.195
-501.72	12.2841	83.2061
-70.291	414.246	173.109
-178.64	423.449	143.231
-216.168	-75.4732	-178.08
-228.282	-438.881	-97.3634
-153.838	238.185	-196.65
-44.8964	-179.766	-147.826
40.1683	-517.959	-13.9347
446.5	-222.011	-89.913
228.148	-367.668	165.222
-265.194	-276.635	189.746
258.977	-208.593	-199.607
53.1852	-515.248	28.3169
351.585	342.355	-104.164
51.5291	373.508	-191.692
292.148	4.98631	-198.057
12.0254	-451.265	-150.756
-321.785	369.302	-105.636
9.903	-446.775	154.597
28.0264	239.445	183.77
